1.0155885416666668
0.9771260416666667
0.8584864583333334
0.8532083333333333
0.8396
0.8376406249999999
0.7777979166666666
0.8200937500000001
0.8027124999999999
0.8992916666666666
0.9169937499999999
0.86084375
0.8736822916666667
0.8567875
0.8468958333333334
0.845371875
0.8103125
0.7868052083333332
0.7592739583333332
0.7910989583333333
0.7747520833333333
0.7581510416666667
0.7240031250000001
0.730375
0.7330583333333334
0.7576031249999999
0.7861510416666666
0.79143125
0.8091666666666667
0.8133781250000001
