0.759178125
0.7828604166666666
0.802196875
0.8019447916666667
0.7874885416666666
0.7998989583333334
0.8023125
0.8564125
0.8430718749999999
0.8581510416666667
0.8936364583333334
0.9117500000000001
0.9704802083333333
0.9718645833333333
0.9860302083333334
1.013325
1.0070822916666666
0.9438739583333333
0.9525770833333334
1.0196520833333333
0.990678125
1.0030312499999998
1.0089645833333334
0.95445625
0.9983020833333334
1.0957854166666667
1.1530729166666664
1.1431968750000001
1.1565052083333334
1.0920520833333334
